acc = 0.9927967784016789
eval_loss = 0.34496926464617433
f1 = 0.8500590318772137
global_step = 0
loss = None
