acc = 0.9891242697521411
eval_loss = 0.44347708661495366
f1 = 0.7853344528407501
global_step = 0
loss = None
