acc = 0.9923855708694912
eval_loss = 0.40519508896054834
f1 = 0.8412651492757908
global_step = 0
loss = None
